Equivariant MPNN package based on three-body descriptors 
2023-05-09-23_54_27 
Epoch=      0,  lr= 1.000000e-03  train: 4.858544e+02 2.196686e+03  validation: 9.718395e+02 1.940820e+04  
Epoch=      1,  lr= 1.000000e-03  train: 4.872763e+02 2.180540e+03  validation: 9.841851e+02 1.926125e+04  
Epoch=      2,  lr= 1.000000e-03  train: 5.159654e+02 2.163371e+03  validation: 1.238047e+03 1.909655e+04  
Epoch=      3,  lr= 1.000000e-03  train: 7.886718e+02 2.143116e+03  validation: 3.071773e+03 1.887922e+04  
