Equivariant MPNN package based on three-body descriptors 
2023-05-22-18_42_08 
Epoch=      0,  lr= 5.000000e-04  train: 1.849400e+01  validation: 1.525073e+01  
Epoch=      1,  lr= 5.000000e-04  train: 1.520938e+01  validation: 1.336663e+01  
Epoch=      2,  lr= 5.000000e-04  train: 1.511406e+01  validation: 1.479929e+01  
Epoch=      3,  lr= 5.000000e-04  train: 1.493352e+01  validation: 1.567327e+01  
